0.000274
0.052303
0.054341
0.068204
0.044996
0.045702
0.044486
0.045569
0.044353
0.045744
0.058100
0.064338
0.070677
0.067848
0.045473
0.045058
0.044561
0.065168
0.073795
0.046416
0.043806
0.043790
0.048337
0.064069
0.045005
0.043642
0.044425
0.047375
0.045039
0.044800
0.044758
0.046154
0.047303
0.000108
0.000164
0.000894
0.069457
0.000173
0.062341
0.000872
0.052064
0.000104
0.067669
0.000737
0.054191
0.000123
0.068708
0.000065
0.057150
0.000102
0.067247
0.043509
0.046967
0.048123
0.000122
0.063074
0.065878
0.057185
0.065785
0.065959
0.000043
0.044105
0.047863
0.044112
0.000137
0.044184
0.045259
0.044917
0.000174
0.061454
0.045021
0.000043
0.060262
0.053468
0.000157
0.064864
0.062221
0.045645
0.000072
0.068437
0.044108
0.000343
0.044581
0.053028
0.047409
0.000031
0.043986
0.044961
0.063521
0.000695
0.046982
0.064867
0.000144
0.047401
0.061009
0.000149
0.046075
0.045656
0.000106
0.064405
0.054098
0.000086
0.067726
0.044691
0.000058
0.059382
0.046596
0.000147
0.054835
0.000052
0.046153
0.049008
0.000306
0.050548
0.052772
0.048720
0.000126
0.051619
0.000092
0.068111
0.000066
0.062190
0.000153
0.065090
0.050490
0.000363
0.062139
0.000104
0.067152
0.000137
0.053466
0.000138
0.059356
0.000124
0.064312
0.000694
0.058899
0.000063
0.000155
0.053202
0.045303
0.068018
0.045354
0.045283
0.000005
0.043655
0.043987
0.058521
0.046861
0.000085
0.059027
0.000108
0.069230
0.043993
0.000099
0.053785
0.000147
0.059110
0.000122
0.057792
0.000005
0.052996
0.067416
0.000627
3.815739
0.000092
0.051811
0.054867
0.000092
0.054330
0.052359
0.052021
0.000045
0.059250
0.000004
0.052853
0.056030
0.000093
0.052804
0.000116
0.053568
0.062446
0.000040
0.054009
0.000125
0.052813
0.059626
0.000078
0.054938
0.049290
0.000003
0.053385
0.051459
0.052829
0.000157
0.058198
0.057291
0.000609
0.050595
0.051350
0.000055
0.052760
0.056130
0.054939
0.053169
0.054264
0.000005
0.052501
0.053923
0.054001
0.047623
0.000742
0.051181
0.000236
0.000029
0.000065
0.000030
0.000037
0.000066
