0.000431
0.048964
0.046199
0.050781
0.047521
0.055955
0.053775
0.056333
0.052168
0.000746
0.045530
0.047593
0.044583
0.057971
0.052229
0.056811
0.068158
0.001513
0.047536
0.056607
0.058207
0.066775
0.051593
0.063312
0.052066
0.000836
0.048098
0.044163
0.061331
0.046682
0.044946
0.045602
0.046364
0.000761
0.044164
0.000986
0.043544
0.000643
0.044439
0.000565
0.060359
0.001048
0.043073
0.000709
0.053761
0.001022
0.053829
0.001223
0.057664
0.000750
0.000916
0.001379
0.043446
0.001348
0.054816
0.000809
0.027157
0.053546
